1 21181824
1 21181871
1 21181954
1 21181968
1 21182069
1 21182088
1 21182103
1 21182281
1 21182323
1 21182471
1 21182710
1 21182786
1 21182801
1 21182863
1 21182875
1 21182882
1 21182890
1 21183118
1 21183136
1 21183154
1 21183177
1 21183191
1 21183201
1 21183203
1 21183275
1 21183292
1 21183470
1 21183477
1 21183518
1 21183521
1 21183628
1 21183706
1 21183910
1 21183916
1 21183972
1 21183987
1 21184041
1 21184044
1 21184060
1 21184068
1 21184102
1 21184105
1 21184119
1 21184189
1 21184241
1 21184242
1 21184245
1 21184246
1 21184363
1 21184371
1 21184410
1 21184420
1 21184431
1 21184440
1 21184506
1 21184540
1 21184560
1 21184593
1 21184602
1 21184650
1 21184683
1 21184686
1 21184698
1 21184717
1 21184768
1 21184786
1 21184794
1 21184863
1 21184866
1 21184891
1 21184917
1 21184923
1 21184993
1 21185065
1 21185102
1 21185150
1 21185180
1 21185298
