id	P_syn	pi_syn	syn_length	P_nonsyn	pi_nonsyn	nonsyn_length	P_nonsense	pi_nonsense	nonsense_length	pin_pis	pinonsense_pis	div_syn_count	div_nonsyn_count	div_nonsense_count	div_syn	div_nonsyn	div_nonsense	KnKs	KnonsenseKs	geneID
AT1G04310.1	8	0.00593259614929057	431.333333333333	4	0.000784957302513717	1506.66666666667	0	0	1506.66666666667	0.132312613695706	0	71	34	0	0.166146645865835	0.0228699551569507	0	0.137649213667656	0	AT1G04310
AT1G08080.1	3	0.00404482541681071	174.333333333333	2	0.00136893734944314	653.666666666667	0	0	653.666666666667	0.338441640460846	0	20	15	0	0.113636363636364	0.0230414746543779	0	0.202764976958525	0	AT1G08080
AT1G12980.1	5	0.00679510034414571	233.333333333333	6	0.00314596663647943	753.666666666667	0	0	753.666666666667	0.462975743866656	0	47	48	1	0.19971671388102	0.0650700406687754	0.00135562584726615	0.32581169299401	0.00678774360404188	AT1G12980
AT1G15210.1	14	0.00238429233439063	963.666666666667	1	3.96123031651367e-05	3365.33333333333	0	0	3365.33333333333	0.0166138617290236	0	144	23	0	0.149429263230716	0.00683438985736926	0	0.045736622864941	0	AT1G15210
AT1G15250.1	1	0.00691826641921827	65.6666666666667	1	0.00120342776958621	222.333333333333	0	0	222.333333333333	0.173949324391903	0	12	1	0	0.182741116751269	0.00449775112443778	0	0.0246126936531734	0	AT1G15250
AT1G16360.2	1	0.00161830163766973	236.333333333333	0	5.32123440665143e-05	816.666666666667	0	0	816.666666666667	0.0328815981074685	0	33	21	3	0.1546875	0.0280124499777679	0.00400177856825256	0.181090585714863	0.0258700836735519	AT1G16360
AT1G26670.1	0	0.000912771363070274	146	1	0.000772043015615526	523	0	0	523	0.845823003275013	0	23	6	0	0.157534246575342	0.011472275334608	0	0.0728240086457727	0	AT1G26670
AT1G30814.1	3	0.00195560381576415	212	2	0.000249695891249292	706	0	0	706	0.127682247925929	0	23	47	1	0.162352941176471	0.0930079155672823	0.00197889182058047	0.572874842262246	0.0121888264311116	AT1G30814
AT1G52200.1	0	0	124	2	0.000759800440614699	449	0	0	449	Inf	NA	15	25	0	0.122615803814714	0.0562218890554723	0	0.458520739630185	0	AT1G52200
AT1G57800.2	3	0.0047497181751327	441	7	0.00133688008505717	1554	0	0	1554	0.28146513872264	0	76	71	6	0.236514522821577	0.0609093508721761	0.00514726908778953	0.257529009827973	0.02176301491504	AT1G57800
AT1G65630.1	3	0.00255737028890027	371	3	0.000744253393333568	1309	0	0	1309	0.291022929516247	0	62	90	4	0.209459459459459	0.0819672131147541	0.00364298724954463	0.391327340031729	0.0173923262236324	AT1G65630
AT1G69460.1	0	0.00164315529819437	130.333333333333	0	9.24688528910363e-05	514.666666666667	0	0	514.666666666667	0.0562751755677922	0	23	5	0	0.176470588235294	0.00971502590673575	0	0.0550518134715026	0	AT1G69460
AT1G69810.1	4	0.00863888200158431	255	5	0.00226695408669958	909	0	0	909	0.262412900915169	0	33	27	0	0.131299734748011	0.0301788375558867	0	0.229846904213521	0	AT1G69810
AT1G71390.2	0	0	517.666666666667	0	0	1852.33333333333	0	0	1852.33333333333	NA	NA	72	63	2	0.200185356811863	0.0480427046263345	0.00152516522623284	0.239991103202847	0.00761876518104276	AT1G71390
AT1G71695.1	4	0.00638796711801406	249	0	0.000445746732799928	828	0	0	828	0.0697791213644357	0	39	17	0	0.157046979865772	0.0205894226887364	0	0.131103588915458	0	AT1G71695
AT1G71890.1	8	0.00951114659857207	368	2	0.000920397726638617	1171	0	7.74576103142613e-05	1171	0.0967704279499591	0.00814387724040446	42	33	0	0.114233907524932	0.0282453637660485	0	0.247259017729774	0	AT1G71890
AT1G72450.1	0	0	171.666666666667	1	0.000328591875809922	638.333333333333	0	0	638.333333333333	Inf	NA	23	28	0	0.135826771653543	0.0445387062566278	0	0.327908156208216	0	AT1G72450
AT1G75550.2	1	0.0025130890052356	127.333333333333	1	0.000525649633560273	439.666666666667	0	0	439.666666666667	0.209164750020859	0	15	11	1	0.144694533762058	0.0317613089509143	0.00288739172281039	0.219505935194097	0.0199550850176452	AT1G75550
AT1G76280.5	1	8.24077726270542e-05	527.333333333333	0	0	1890.66666666667	0	0	1890.66666666667	0	0	54	53	0	0.103119032463399	0.0282014898900319	0	0.273484818624939	0	AT1G76280
AT1G78930.1	1	0.000863292047873795	380.333333333333	2	0.000192676441597444	1395.66666666667	0	0	1395.66666666667	0.223188018552919	0	53	40	1	0.139473684210526	0.0287150035893754	0.000717875089734386	0.205881157810616	0.00514702894526541	AT1G78930
AT1G79700.2	0	0	207	1	0.00050180629767619	735	0	0	735	Inf	NA	18	21	0	0.09	0.0294943820224719	0	0.327715355805243	0	AT1G79700
AT2G18870.1	0	0	146.333333333333	0	0.00058871977471541	573.666666666667	0	0	573.666666666667	Inf	NA	26	25	2	0.210242587601078	0.0539568345323741	0.00431654676258993	0.256640841173215	0.0205312672938572	AT2G18870
AT2G21930.2	1	0.00117003607877793	260.666666666667	1	4.77473668312434e-05	930.333333333333	0	0	930.333333333333	0.0408084568478557	0	44	75	3	0.174603174603175	0.0825082508250825	0.0033003300330033	0.472547254725473	0.0189018901890189	AT2G21930
AT2G24490.2	0	0	186	0	7.64022603027523e-05	654	0	0	654	Inf	NA	30	11	0	0.161290322580645	0.0168195718654434	0	0.104281345565749	0	AT2G24490
AT2G26900.1	0	0.000145168430292222	306	1	0.000346320346320346	924	0	0	924	2.38564504433373	0	44	12	0	0.143790849673203	0.012987012987013	0	0.090318772136954	0	AT2G26900
AT2G32710.1	0	0	196.333333333333	2	0.000907954346562098	673.666666666667	0	0	673.666666666667	Inf	NA	20	17	1	0.114068441064639	0.0281146637265711	0.00165380374862183	0.246471885336273	0.0144983461962514	AT2G32710
AT2G37678.1	2	0.00933236515876965	116	0	0	493	0	0	493	0	0	18	9	0	0.157894736842105	0.0185185185185185	0	0.117283950617284	0	AT2G37678
AT2G38310.1	2	0.00403773427888164	150.333333333333	0	0	473.666666666667	0	0	473.666666666667	0	0	22	0	0	0.146666666666667	0	0	0	0	AT2G38310
AT2G43120.2	0	0.000549667583718564	241.333333333333	0	0	877.666666666667	0	0	877.666666666667	0	0	21	14	1	0.0993690851735016	0.0185512367491166	0.00132508833922261	0.186690223792697	0.0133350159851927	AT2G43120
AT2G43750.1	0	0.00168441753760191	279.666666666667	1	0.000320630971683469	899.333333333333	0	0	899.333333333333	0.190351242804055	0	22	4	0	0.0786650774731824	0.0044477390659748	0	0.0565401981265584	0	AT2G43750
AT2G46620.1	1	0.000513320209434783	322	0	0	1154	0	0	1154	0	0	16	13	1	0.113475177304965	0.0274261603375527	0.00210970464135021	0.241693037974684	0.0185917721518987	AT2G46620
AT3G03272.1	1	0.000550673143909092	80.6666666666667	2	0.000888831305475798	282.333333333333	0	0	282.333333333333	1.61408144796422	0	11	10	0	0.136363636363636	0.0354191263282172	0	0.25974025974026	0	AT3G03272
AT3G07950.1	3	0.00409225367639815	216	1	0.000662102602300429	699	0	0	699	0.161794124865492	0	19	8	0	0.087962962962963	0.011444921316166	0	0.130110684436413	0	AT3G07950
AT3G09680.1	0	0	94.3333333333333	0	0	334.666666666667	0	0	334.666666666667	NA	NA	8	10	0	0.0848056537102474	0.0298804780876494	0	0.352340637450199	0	AT3G09680
AT3G10210.1	0	0.00113130596466158	152.333333333333	1	0.000241484883414837	561.666666666667	0	0	561.666666666667	0.213456740225953	0	29	11	0	0.1875	0.0197014925373134	0	0.105074626865672	0	AT3G10210
AT3G13820.1	0	0.00035150545098103	252.333333333333	1	0.000262841411689434	995.666666666667	0	0	995.666666666667	0.747759134192257	0	40	63	1	0.149812734082397	0.0663157894736842	0.00105263157894737	0.442657894736842	0.00702631578947368	AT3G13820
AT3G16830.1	1	0.00136922530411043	767	0	0.000111567273446801	2629	0	0	2629	0.0814820417880643	0	98	30	0	0.127770534550196	0.0114111829593001	0	0.0893099727528897	0	AT3G16830
AT3G18310.1	2	0.000703284128345333	581.333333333333	1	4.3557855888102e-05	2040.66666666667	0	0	2040.66666666667	0.0619349337380664	0	89	77	3	0.156049094097019	0.0386029411764706	0.00150401069518717	0.247376900198282	0.0096380610466863	AT3G18310
AT3G18710.1	4	0.0037900330052209	280.666666666667	1	9.39285862791731e-05	967.333333333333	0	0	967.333333333333	0.0247830523242893	0	50	34	0	0.180722891566265	0.0354412786657401	0	0.196108408617095	0	AT3G18710
AT3G28960.2	7	0.00848351048738832	279	4	0.00146432637545994	939	0	0	939	0.172608541904536	0	52	17	0	0.186379928315412	0.0181043663471778	0	0.097136888670435	0	AT3G28960
AT3G46440.2	6	0.008798939883734	225.666666666667	0	0	800.333333333333	0	0	800.333333333333	0	0	31	2	0	0.137370753323486	0.00249895876718034	0	0.0181913450040978	0	AT3G46440
AT3G46920.2	3	0.000621246486569554	762	6	0.000404618587550377	2706	0	0	2706	0.651301208614685	0	45	93	1	0.111386138613861	0.0628378378378378	0.000675675675675676	0.564144144144144	0.00606606606606607	AT3G46920
AT3G48330.4	3	0.00422887171715	200	2	0.00115155825785276	652	0	0	652	0.272308628607169	0	22	6	1	0.137214137214137	0.0112640801001252	0.00187734668335419	0.0820912504266697	0.0136818750711116	AT3G48330
AT3G51870.1	3	0.00291971429592754	276	1	0.000775842352511724	870	0	0	870	0.2657254353941	0	37	13	0	0.134872417982989	0.0150173276857913	0	0.111344690859516	0	AT3G51870
AT3G56070.1	1	0.00429799426934097	116.333333333333	0	0.000109557722345788	414.666666666667	0	0	414.666666666667	0.0254904300657866	0	29	9	0	0.249283667621777	0.0217041800643087	0	0.0870661935913072	0	AT3G56070
AT3G57080.1	4	0.00550809218943297	151.666666666667	1	0.000517194795305412	517.333333333333	0	0	517.333333333333	0.0938972656081588	0	21	24	0	0.138461538461538	0.0463917525773196	0	0.335051546391752	0	AT3G57080
AT3G63470.1	5	0.00798010859835127	346	1	0.000396168723662442	1163	0	0	1163	0.0496445278632289	0	38	9	0	0.109826589595376	0.00773860705073087	0	0.0704620536724442	0	AT3G63470
AT4G13720.2	2	0.0011348613331048	152.666666666667	1	0.000674064700442838	507.333333333333	0	0	507.333333333333	0.593962170337324	0	7	2	0	0.0897435897435897	0.00716845878136201	0	0.0798771121351766	0	AT4G13720
AT4G19380.2	7	0.00603964199605212	508.333333333333	9	0.00211975919613622	1798.66666666667	0	0	1798.66666666667	0.350974312305567	0	68	42	4	0.141568355308813	0.0247398389946986	0.00235617514235225	0.174755431330199	0.0166433744123999	AT4G19380
AT4G25090.1	3	0.00177826007443467	538.333333333333	0	2.31078121389395e-05	2011.66666666667	0	0	2011.66666666667	0.0129946189936732	0	90	44	0	0.16728624535316	0.021901443504231	0	0.130921962280847	0	AT4G25090
AT4G25880.4	3	0.00180543592299035	569.333333333333	2	0.000682427535956653	2025.66666666667	0	0	2025.66666666667	0.377984910606157	0	76	46	0	0.135231316725979	0.0230692076228686	0	0.170590719527002	0	AT4G25880
AT4G26490.1	1	0.00214392721968577	180.333333333333	0	0	626.666666666667	0	0	626.666666666667	0	0	17	14	1	0.0944444444444444	0.0224358974358974	0.0016025641025641	0.237556561085973	0.0169683257918552	AT4G26490
AT4G27340.1	2	0.00163075434868095	420	4	0.000470497708570833	1440	0	0	1440	0.288515378757934	0	55	38	0	0.131160572337043	0.0264869888475836	0	0.201943224062183	0	AT4G27340
AT4G27830.1	0	0.000395854634058704	329.333333333333	1	0.000262258956497634	1197.66666666667	0	0	1197.66666666667	0.662513291327901	0	33	35	0	0.100917431192661	0.0293870696893367	0	0.291199145103427	0	AT4G27830
AT4G29180.2	2	0.00142495552748112	609	0	0	2133	0	0	2133	0	0	11	13	1	0.22	0.0742857142857143	0.00571428571428571	0.337662337662338	0.025974025974026	AT4G29180
AT4G29950.1	6	0.00407837965745403	546.333333333333	2	0.00050070877632605	1940.66666666667	0	0	1940.66666666667	0.122771497109375	0	62	35	0	0.113483831604637	0.0180350395053246	0	0.158921665318425	0	AT4G29950
AT4G31660.1	1	0.00303592435486364	161.333333333333	2	0.0019792591291917	594.666666666667	0	0	594.666666666667	0.651946128374666	0	43	41	0	0.305687203791469	0.078343949044586	0	0.256287957339653	0	AT4G31660
AT4G32100.1	0	0	81	0	0	288	0	0	288	NA	NA	11	17	2	0.165829145728643	0.0709318497913769	0.00834492350486787	0.42774054874194	0.0503224174990517	AT4G32100
AT4G32710.1	1	0.000843011331241365	556.666666666667	0	0.000109245777741362	1639.33333333333	0	0	1639.33333333333	0.12958992802682	0	67	45	0	0.126574307304786	0.0281308605959575	0	0.222247794161097	0	AT4G32710
AT5G03560.2	0	0	244.333333333333	1	0.000208307772358325	847.666666666667	1	5.24038147172632e-05	847.666666666667	Inf	Inf	30	19	1	0.191082802547771	0.0332749562171629	0.00175131348511384	0.174138937536486	0.0091652072387624	AT5G03560
AT5G04950.1	2	0.00063580937134016	209.666666666667	0	0	753.333333333333	0	0	753.333333333333	0	0	20	9	0	0.095389507154213	0.0119469026548673	0	0.125243362831858	0	AT5G04950
AT5G06020.1	1	0.00393075899308949	85.6666666666667	3	0.00352064523068673	370.333333333333	0	0.00011734495316198	370.333333333333	0.89566550299223	0.0298530012570803	9	4	1	0.284210526315789	0.0332409972299169	0.00831024930747922	0.116959064327485	0.0292397660818713	AT5G06020
AT5G07360.1	0	0.000181750764516291	467.333333333333	1	0.000290319099743059	1512.66666666667	0	0	1512.66666666667	1.59734733724895	0	44	29	2	0.114384748700173	0.0223019738528582	0.00153806716226609	0.194973316865139	0.0134464356458717	AT5G07360
AT5G16970.1	0	0.000538720788840779	231	1	0.000154206966817844	807	0	0	807	0.286246549255444	0	35	25	0	0.151515151515152	0.0309789343246592	0	0.204460966542751	0	AT5G16970
AT5G23000.1	0	0.00120523166018343	204	0	0.000113087383189618	786	0	0	786	0.0938304119661168	0	19	32	0	0.0942148760330579	0.0409032807839795	0	0.434148857443993	0	AT5G23000
AT5G27680.2	2	0.00125015168505894	553.666666666667	9	0.000954841960999928	2023.33333333333	0	0	2023.33333333333	0.763780885481037	0	69	69	0	0.125075528700906	0.0342205323193916	0	0.27359894197388	0	AT5G27680
AT5G41480.1	13	0.00733637118090227	379.333333333333	6	0.00185375982329186	1213.66666666667	0	4.01675363911013e-05	1213.66666666667	0.252680756954813	0.00547512324562636	53	34	1	0.143631436314363	0.0278004905968929	0.000817661488143908	0.193554359061386	0.00569277526651136	AT5G41480
AT5G46240.1	17	0.0122646709044676	430	9	0.00266032716423489	1604	0	0	1604	0.216909787874195	0	64	37	0	0.149532710280374	0.0230961298377029	0	0.154455368289638	0	AT5G46240
AT5G46260.1	6	0.00280589863136477	767	13	0.0017818962824617	2851	0	0	2851	0.635053691014844	0	113	159	1	0.156944444444444	0.0583272193690389	0.000366837857666911	0.371642459696531	0.00233737396035554	AT5G46260
AT5G50110.1	7	0.0146811294907703	200.333333333333	3	0.00161353185562409	678.666666666667	0	0	678.666666666667	0.109905157953853	0	9	10	0	0.0613636363636364	0.0208188757807078	0	0.339270568278202	0	AT5G50110
AT5G61960.1	4	0.000709262645497059	1813.33333333333	0	0	6409.66666666667	0	0	6409.66666666667	0	0	62	35	0	0.103852596314908	0.0165955429113324	0	0.159799018033313	0	AT5G61960
AT5G62260.3	6	0.00816722610545642	290.666666666667	4	0.00144427867863767	924.333333333333	0	0	924.333333333333	0.17683833654033	0	36	25	0	0.125435540069686	0.0273822562979189	0	0.218297432152854	0	AT5G62260
AT5G66670.3	7	0.00838933456213792	266.666666666667	3	0.00228057633226094	960.333333333333	0	0	960.333333333333	0.271842339266509	0	25	31	0	0.09375	0.0322804581742451	0	0.344324887191947	0	AT5G66670
