1 5236460
1 5236361
1 5236352
1 5236346
1 5236331
1 5236301
1 5236295
1 5236289
1 5236172
1 5236136
1 5236124
1 5236088
1 5235872
1 5235842
1 5235836
1 5235827
1 5235803
1 5235797
1 5235758
1 5235752
1 5235652
1 5235548
1 5235363
1 5235351
1 5235255
1 5235216
1 5235210
1 5235150
1 5235147
1 5235141
1 5235057
1 5234899
1 5234896
1 5234740
1 5234695
1 5234644
1 5234605
1 5234581
1 5234566
1 5234542
1 5234524
1 5234515
1 5234467
1 5234359
1 5234344
1 5234326
1 5234302
1 5234224
1 5234137
1 5233191
1 5232984
1 5232630
1 5231864
1 5231816
