3 17284719
3 17284700
3 17284635
3 17284599
3 17284526
3 17284513
3 17284341
3 17284325
3 17284232
3 17284109
3 17284104
3 17284067
3 17283957
3 17283930
3 17283926
3 17283906
3 17283902
3 17283896
3 17283717
3 17283711
3 17283696
3 17283555
3 17283519
3 17283518
3 17283382
3 17283363
3 17283354
3 17283327
3 17283315
3 17283307
3 17283292
3 17283243
3 17283189
3 17283107
3 17282996
3 17282987
3 17282891
3 17282727
3 17282561
3 17282553
3 17282416
3 17282318
3 17282259
3 17282124
3 17281668
3 17281368
3 17280530
3 17280501
3 17280491
