5 18746520
5 18746502
5 18746469
5 18746224
5 18746161
5 18746134
5 18746119
5 18746086
5 18745915
5 18745909
5 18745897
5 18745891
5 18745876
5 18745810
5 18745780
5 18745390
5 18745345
5 18745327
5 18745306
5 18745291
5 18745264
5 18745210
5 18745204
5 18745186
5 18745180
5 18745177
5 18744955
5 18744925
5 18744910
5 18744898
5 18744895
5 18744889
5 18744850
5 18744838
5 18744811
5 18744660
5 18744651
5 18744648
5 18744587
5 18744585
5 18744573
5 18744477
5 18744393
5 18744369
5 18744357
5 18744348
5 18744338
5 18744336
5 18744303
5 18744282
5 18744099
5 18744084
5 18744063
5 18744036
5 18744033
5 18744009
5 18743994
5 18743958
5 18743823
5 18743721
5 18743691
